xy_scale_to_meters 0.009216589861751152
1/xy_scale_to_meters 108.5
wall.Y [403. 684. 705. 354.]
wall.X [859. 859. 901. 901.]
wall.cc [901 901 900 ... 900 901 901]
wall.rr [354 355 356 ... 704 704 705]
wall.Y [684. 684. 705. 705.]
wall.X [859. 149. 149. 901.]
wall.cc [149 150 151 ... 899 900 901]
wall.rr [684 684 684 ... 705 705 705]
wall.Y [705. 705. 668. 668.]
wall.X [149.  28.  49. 149.]
wall.cc [ 49  50  51 ... 147 148 149]
wall.rr [668 668 668 ... 705 705 705]
wall.Y [705.  28.  75. 668.]
wall.X [28. 28. 49. 49.]
wall.cc [28 28 28 ... 29 28 28]
wall.rr [ 28  29  30 ... 703 704 705]
wall.Y [75. 75. 28. 28.]
wall.X [ 49. 644. 686.  28.]
wall.cc [ 28  29  30 ... 642 643 644]
wall.rr [28 28 28 ... 75 75 75]
wall.Y [ 75. 403. 354.  28.]
wall.X [644. 644. 686. 686.]
wall.cc [686 686 685 ... 645 644 644]
wall.rr [ 28  29  30 ... 401 402 403]
wall.Y [403. 403. 354. 354.]
wall.X [644. 859. 901. 686.]
wall.cc [686 687 688 ... 857 858 859]
wall.rr [354 354 354 ... 403 403 403]
wall.Y [684.  75.  75. 684.]
wall.X [299. 299. 285. 285.]
wall.cc [285 286 287 ... 297 298 299]
wall.rr [ 75  75  75 ... 684 684 684]
wall.Y [461. 461. 475. 475.]
wall.X [ 49. 285. 285.  49.]
wall.cc [ 49  50  51 ... 283 284 285]
wall.rr [461 461 461 ... 475 475 475]
wall.Y [496. 496. 482. 482.]
wall.X [426. 568. 568. 426.]
wall.cc [426 427 428 ... 566 567 568]
wall.rr [482 482 482 ... 496 496 496]
wall.Y [496. 684. 684. 496.]
wall.X [490. 490. 504. 504.]
wall.cc [490 491 492 ... 502 503 504]
wall.rr [496 496 496 ... 684 684 684]
wall.Y [37.35897436 37.35897436 50.64102564 50.64102564]
wall.X [891.64102564 846.35897436 846.35897436 891.64102564]
wall.cc [847 848 849 850 851 852 853 854 855 856 857 858 859 860 861 862 863 864
 865 866 867 868 869 870 871 872 873 874 875 876 877 878 879 880 881 882
 883 884 885 886 887 888 889 890 891 847 848 849 850 851 852 853 854 855
 856 857 858 859 860 861 862 863 864 865 866 867 868 869 870 871 872 873
 874 875 876 877 878 879 880 881 882 883 884 885 886 887 888 889 890 891
 847 848 849 850 851 852 853 854 855 856 857 858 859 860 861 862 863 864
 865 866 867 868 869 870 871 872 873 874 875 876 877 878 879 880 881 882
 883 884 885 886 887 888 889 890 891 847 848 849 850 851 852 853 854 855
 856 857 858 859 860 861 862 863 864 865 866 867 868 869 870 871 872 873
 874 875 876 877 878 879 880 881 882 883 884 885 886 887 888 889 890 891
 847 848 849 850 851 852 853 854 855 856 857 858 859 860 861 862 863 864
 865 866 867 868 869 870 871 872 873 874 875 876 877 878 879 880 881 882
 883 884 885 886 887 888 889 890 891 847 848 849 850 851 852 853 854 855
 856 857 858 859 860 861 862 863 864 865 866 867 868 869 870 871 872 873
 874 875 876 877 878 879 880 881 882 883 884 885 886 887 888 889 890 891
 847 848 849 850 851 852 853 854 855 856 857 858 859 860 861 862 863 864
 865 866 867 868 869 870 871 872 873 874 875 876 877 878 879 880 881 882
 883 884 885 886 887 888 889 890 891 847 848 849 850 851 852 853 854 855
 856 857 858 859 860 861 862 863 864 865 866 867 868 869 870 871 872 873
 874 875 876 877 878 879 880 881 882 883 884 885 886 887 888 889 890 891
 847 848 849 850 851 852 853 854 855 856 857 858 859 860 861 862 863 864
 865 866 867 868 869 870 871 872 873 874 875 876 877 878 879 880 881 882
 883 884 885 886 887 888 889 890 891 847 848 849 850 851 852 853 854 855
 856 857 858 859 860 861 862 863 864 865 866 867 868 869 870 871 872 873
 874 875 876 877 878 879 880 881 882 883 884 885 886 887 888 889 890 891
 847 848 849 850 851 852 853 854 855 856 857 858 859 860 861 862 863 864
 865 866 867 868 869 870 871 872 873 874 875 876 877 878 879 880 881 882
 883 884 885 886 887 888 889 890 891 847 848 849 850 851 852 853 854 855
 856 857 858 859 860 861 862 863 864 865 866 867 868 869 870 871 872 873
 874 875 876 877 878 879 880 881 882 883 884 885 886 887 888 889 890 891
 847 848 849 850 851 852 853 854 855 856 857 858 859 860 861 862 863 864
 865 866 867 868 869 870 871 872 873 874 875 876 877 878 879 880 881 882
 883 884 885 886 887 888 889 890 891]
wall.rr [38 38 38 38 38 38 38 38 38 38 38 38 38 38 38 38 38 38 38 38 38 38 38 38
 38 38 38 38 38 38 38 38 38 38 38 38 38 38 38 38 38 38 38 38 38 39 39 39
 39 39 39 39 39 39 39 39 39 39 39 39 39 39 39 39 39 39 39 39 39 39 39 39
 39 39 39 39 39 39 39 39 39 39 39 39 39 39 39 39 39 39 40 40 40 40 40 40
 40 40 40 40 40 40 40 40 40 40 40 40 40 40 40 40 40 40 40 40 40 40 40 40
 40 40 40 40 40 40 40 40 40 40 40 40 40 40 40 41 41 41 41 41 41 41 41 41
 41 41 41 41 41 41 41 41 41 41 41 41 41 41 41 41 41 41 41 41 41 41 41 41
 41 41 41 41 41 41 41 41 41 41 41 41 42 42 42 42 42 42 42 42 42 42 42 42
 42 42 42 42 42 42 42 42 42 42 42 42 42 42 42 42 42 42 42 42 42 42 42 42
 42 42 42 42 42 42 42 42 42 43 43 43 43 43 43 43 43 43 43 43 43 43 43 43
 43 43 43 43 43 43 43 43 43 43 43 43 43 43 43 43 43 43 43 43 43 43 43 43
 43 43 43 43 43 43 44 44 44 44 44 44 44 44 44 44 44 44 44 44 44 44 44 44
 44 44 44 44 44 44 44 44 44 44 44 44 44 44 44 44 44 44 44 44 44 44 44 44
 44 44 44 45 45 45 45 45 45 45 45 45 45 45 45 45 45 45 45 45 45 45 45 45
 45 45 45 45 45 45 45 45 45 45 45 45 45 45 45 45 45 45 45 45 45 45 45 45
 46 46 46 46 46 46 46 46 46 46 46 46 46 46 46 46 46 46 46 46 46 46 46 46
 46 46 46 46 46 46 46 46 46 46 46 46 46 46 46 46 46 46 46 46 46 47 47 47
 47 47 47 47 47 47 47 47 47 47 47 47 47 47 47 47 47 47 47 47 47 47 47 47
 47 47 47 47 47 47 47 47 47 47 47 47 47 47 47 47 47 47 48 48 48 48 48 48
 48 48 48 48 48 48 48 48 48 48 48 48 48 48 48 48 48 48 48 48 48 48 48 48
 48 48 48 48 48 48 48 48 48 48 48 48 48 48 48 49 49 49 49 49 49 49 49 49
 49 49 49 49 49 49 49 49 49 49 49 49 49 49 49 49 49 49 49 49 49 49 49 49
 49 49 49 49 49 49 49 49 49 49 49 49 50 50 50 50 50 50 50 50 50 50 50 50
 50 50 50 50 50 50 50 50 50 50 50 50 50 50 50 50 50 50 50 50 50 50 50 50
 50 50 50 50 50 50 50 50 50]
wall.Y [ 60. 354. 354.  60.]
wall.X [901. 901. 892. 892.]
wall.cc [892 893 894 ... 899 900 901]
wall.rr [ 60  60  60 ... 354 354 354]
wall.Y [28. 28. 37. 37.]
wall.X [686. 837. 837. 686.]
wall.cc [686 687 688 ... 835 836 837]
wall.rr [28 28 28 ... 37 37 37]
params frequency=3500000000.0 bandwidth=10000000.0 tx_xy=[(0.0, 0.0)] wall_height=3.0 objects=[ParametersCeiling(material='concrete', face_width=0.4, type='ceiling'), ParametersFloor(material='concrete', face_width=0.4, type='floor'), ParametersWall(material='concrete', face_width=0.1935483870967742, type='wall', corners_2d=((7.917050691244239, 3.7142857142857144), (7.917050691244239, 6.304147465437788), (8.304147465437788, 6.497695852534562), (8.304147465437788, 3.262672811059908))), ParametersWall(material='concrete', face_width=0.0967741935483871, type='wall', corners_2d=((7.917050691244239, 6.304147465437788), (1.3732718894009217, 6.304147465437788), (1.3732718894009217, 6.497695852534562), (8.304147465437788, 6.497695852534562))), ParametersWall(material='concrete', face_width=0.17050691244239632, type='wall', corners_2d=((1.3732718894009217, 6.497695852534562), (0.25806451612903225, 6.497695852534562), (0.45161290322580644, 6.15668202764977), (1.3732718894009217, 6.15668202764977))), ParametersWall(material='concrete', face_width=0.0967741935483871, type='wall', corners_2d=((0.25806451612903225, 6.497695852534562), (0.25806451612903225, 0.25806451612903225), (0.45161290322580644, 0.6912442396313364), (0.45161290322580644, 6.15668202764977))), ParametersWall(material='concrete', face_width=0.21658986175115208, type='wall', corners_2d=((0.45161290322580644, 0.6912442396313364), (5.935483870967742, 0.6912442396313364), (6.32258064516129, 0.25806451612903225), (0.25806451612903225, 0.25806451612903225))), ParametersWall(material='concrete', face_width=0.1935483870967742, type='wall', corners_2d=((5.935483870967742, 0.6912442396313364), (5.935483870967742, 3.7142857142857144), (6.32258064516129, 3.262672811059908), (6.32258064516129, 0.25806451612903225))), ParametersWall(material='concrete', face_width=0.22580645161290322, type='wall', corners_2d=((5.935483870967742, 3.7142857142857144), (7.917050691244239, 3.7142857142857144), (8.304147465437788, 3.262672811059908), (6.32258064516129, 3.262672811059908))), ParametersWall(material='concrete', face_width=0.06451612903225806, type='wall', corners_2d=((2.7557603686635943, 6.304147465437788), (2.7557603686635943, 0.6912442396313364), (2.6267281105990783, 0.6912442396313364), (2.6267281105990783, 6.304147465437788))), ParametersWall(material='concrete', face_width=0.06451612903225806, type='wall', corners_2d=((0.45161290322580644, 4.248847926267281), (2.6267281105990783, 4.248847926267281), (2.6267281105990783, 4.377880184331797), (0.45161290322580644, 4.377880184331797))), ParametersWall(material='concrete', face_width=0.06451612903225806, type='wall', corners_2d=((3.9262672811059907, 4.571428571428571), (5.235023041474655, 4.571428571428571), (5.235023041474655, 4.442396313364055), (3.9262672811059907, 4.442396313364055))), ParametersWall(material='concrete', face_width=0.06451612903225806, type='wall', corners_2d=((4.516129032258065, 4.571428571428571), (4.516129032258065, 6.304147465437788), (4.645161290322581, 6.304147465437788), (4.645161290322581, 4.571428571428571))), ParametersWall(material='concrete', face_width=0.14746543778801843, type='wall', corners_2d=((8.217889637244475, 0.3443223443223443), (7.800543542479026, 0.3443223443223443), (7.800543542479026, 0.46673756351175705), (8.217889637244475, 0.46673756351175705))), ParametersWall(material='concrete', face_width=0.041474654377880185, type='wall', corners_2d=((8.304147465437788, 0.5529953917050692), (8.304147465437788, 3.262672811059908), (8.221198156682028, 3.262672811059908), (8.221198156682028, 0.5529953917050692))), ParametersWall(material='concrete', face_width=0.041474654377880185, type='wall', corners_2d=((6.32258064516129, 0.25806451612903225), (7.714285714285714, 0.25806451612903225), (7.714285714285714, 0.34101382488479265), (6.32258064516129, 0.34101382488479265))), ParametersWallOpening(material='concrete', face_width=0.0967741935483871, type='wall_opening', corners_2d=((3.8433179723502304, 6.304147465437788), (2.967741935483871, 6.304147465437788), (2.967741935483871, 6.497695852534562), (3.8433179723502304, 6.497695852534562)), z_range=(0.0, 2.1), state='open'), ParametersWallOpening(material='concrete', face_width=0.1935483870967742, type='wall_opening', corners_2d=((5.935483870967742, 2.2672811059907834), (5.935483870967742, 3.1244239631336406), (6.32258064516129, 3.1244239631336406), (6.32258064516129, 2.2672811059907834)), z_range=(0.0, 2.1), state='open'), ParametersWallOpening(material='concrete', face_width=0.06451612903225806, type='wall_opening', corners_2d=((2.7557603686635943, 1.4285714285714286), (2.7557603686635943, 0.7004608294930875), (2.6267281105990783, 0.7004608294930875), (2.6267281105990783, 1.4285714285714286)), z_range=(0.0, 2.1), state='open'), ParametersWallOpening(material='concrete', face_width=0.06451612903225806, type='wall_opening', corners_2d=((2.7557603686635943, 3.6774193548387095), (2.7557603686635943, 2.921658986175115), (2.6267281105990783, 2.921658986175115), (2.6267281105990783, 3.6774193548387095)), z_range=(0.0, 2.1), state='open'), ParametersWallOpening(material='concrete', face_width=0.06451612903225806, type='wall_opening', corners_2d=((2.7557603686635943, 5.67741935483871), (2.7557603686635943, 4.894009216589862), (2.6267281105990783, 4.894009216589862), (2.6267281105990783, 5.67741935483871)), z_range=(0.0, 2.1), state='open'), ParametersWallOpening(material='glass', face_width=0.1935483870967742, type='wall_opening', corners_2d=((7.917050691244239, 3.889400921658986), (7.917050691244239, 5.308755760368664), (8.304147465437788, 5.308755760368664), (8.304147465437788, 3.889400921658986)), z_range=(1.0, 2.1), state='closed'), ParametersWallOpening(material='glass', face_width=0.21658986175115208, type='wall_opening', corners_2d=((0.6359447004608295, 0.6912442396313364), (2.313364055299539, 0.6912442396313364), (2.313364055299539, 0.25806451612903225), (0.6359447004608295, 0.25806451612903225)), z_range=(1.0, 2.1), state='closed'), ParametersWallOpening(material='glass', face_width=0.1935483870967742, type='wall_opening', corners_2d=((5.935483870967742, 0.847926267281106), (5.935483870967742, 2.2211981566820276), (6.32258064516129, 2.2211981566820276), (6.32258064516129, 0.847926267281106)), z_range=(1.0, 2.1), state='closed')]
len(errors) 0
len(successes) 1
