wall.Y [403. 684. 705. 354.]
wall.X [859. 859. 901. 901.]
wall.cc [901 901 900 ... 900 901 901]
wall.rr [354 355 356 ... 704 704 705]
wall.Y [684. 684. 705. 705.]
wall.X [859. 149. 149. 901.]
wall.cc [149 150 151 ... 899 900 901]
wall.rr [684 684 684 ... 705 705 705]
wall.Y [705. 705. 668. 668.]
wall.X [149.  28.  49. 149.]
wall.cc [ 49  50  51 ... 147 148 149]
wall.rr [668 668 668 ... 705 705 705]
wall.Y [705.  28.  75. 668.]
wall.X [28. 28. 49. 49.]
wall.cc [28 28 28 ... 29 28 28]
wall.rr [ 28  29  30 ... 703 704 705]
wall.Y [75. 75. 28. 28.]
wall.X [ 49. 644. 686.  28.]
wall.cc [ 28  29  30 ... 642 643 644]
wall.rr [28 28 28 ... 75 75 75]
wall.Y [ 75. 403. 354.  28.]
wall.X [644. 644. 686. 686.]
wall.cc [686 686 685 ... 645 644 644]
wall.rr [ 28  29  30 ... 401 402 403]
wall.Y [403. 403. 354. 354.]
wall.X [644. 859. 901. 686.]
wall.cc [686 687 688 ... 857 858 859]
wall.rr [354 354 354 ... 403 403 403]
wall.Y [684.  75.  75. 684.]
wall.X [299. 299. 285. 285.]
wall.cc [285 286 287 ... 297 298 299]
wall.rr [ 75  75  75 ... 684 684 684]
wall.Y [461. 461. 475. 475.]
wall.X [ 49. 285. 285.  49.]
wall.cc [ 49  50  51 ... 283 284 285]
wall.rr [461 461 461 ... 475 475 475]
wall.Y [496. 496. 482. 482.]
wall.X [426. 568. 568. 426.]
wall.cc [426 427 428 ... 566 567 568]
wall.rr [482 482 482 ... 496 496 496]
wall.Y [496. 684. 684. 496.]
wall.X [490. 490. 504. 504.]
wall.cc [490 491 492 ... 502 503 504]
wall.rr [496 496 496 ... 684 684 684]
wall.Y [37.35897436 37.35897436 50.64102564 50.64102564]
wall.X [891.64102564 846.35897436 846.35897436 891.64102564]
wall.cc [837 838 839 ... 899 900 901]
wall.rr [28 28 28 ... 60 60 60]
wall.Y [ 60. 354. 354.  60.]
wall.X [901. 901. 892. 892.]
wall.cc [892 893 894 ... 899 900 901]
wall.rr [ 60  60  60 ... 354 354 354]
wall.Y [28. 28. 37. 37.]
wall.X [686. 837. 837. 686.]
wall.cc [686 687 688 ... 835 836 837]
wall.rr [28 28 28 ... 37 37 37]
